Sum: 499500.000000
Average: 499.500000
